Site: Lucky Lake, SK
Units: nm
Data format: 1x1024
      384.985      385.365      385.745      386.124      386.504      386.884
      387.264      387.645      388.025      388.405      388.785      389.165
      389.546      389.926      390.307      390.687      391.068      391.448
      391.829      392.210      392.591      392.971      393.352      393.733
      394.114      394.495      394.876      395.258      395.639      396.020
      396.401      396.783      397.164      397.546      397.927      398.309
      398.690      399.072      399.454      399.836      400.218      400.600
      400.981      401.363      401.746      402.128      402.510      402.892
      403.274      403.657      404.039      404.422      404.804      405.187
      405.569      405.952      406.335      406.717      407.100      407.483
      407.866      408.249      408.632      409.015      409.398      409.781
      410.165      410.548      410.931      411.315      411.698      412.082
      412.465      412.849      413.232      413.616      414.000      414.384
      414.768      415.152      415.536      415.920      416.304      416.688
      417.072      417.456      417.841      418.225      418.609      418.994
      419.378      419.763      420.148      420.532      420.917      421.302
      421.687      422.072      422.456      422.841      423.227      423.612
      423.997      424.382      424.767      425.153      425.538      425.923
      426.309      426.694      427.080      427.466      427.851      428.237
      428.623      429.009      429.395      429.781      430.167      430.553
      430.939      431.325      431.711      432.097      432.484      432.870
      433.257      433.643      434.030      434.416      434.803      435.190
      435.576      435.963      436.350      436.737      437.124      437.511
      437.898      438.285      438.672      439.060      439.447      439.834
      440.222      440.609      440.997      441.384      441.772      442.159
      442.547      442.935      443.323      443.711      444.099      444.487
      444.875      445.263      445.651      446.039      446.427      446.816
      447.204      447.592      447.981      448.369      448.758      449.147
      449.535      449.924      450.313      450.702      451.091      451.479
      451.868      452.258      452.647      453.036      453.425      453.814
      454.204      454.593      454.982      455.372      455.761      456.151
      456.541      456.930      457.320      457.710      458.100      458.490
      458.880      459.270      459.660      460.050      460.440      460.830
      461.220      461.611      462.001      462.392      462.782      463.173
      463.563      463.954      464.345      464.735      465.126      465.517
      465.908      466.299      466.690      467.081      467.472      467.863
      468.255      468.646      469.037      469.429      469.820      470.212
      470.603      470.995      471.386      471.778      472.170      472.562
      472.954      473.346      473.738      474.130      474.522      474.914
      475.306      475.698      476.091      476.483      476.875      477.268
      477.660      478.053      478.446      478.838      479.231      479.624
      480.017      480.409      480.802      481.195      481.589      481.982
      482.375      482.768      483.161      483.555      483.948      484.341
      484.735      485.128      485.522      485.916      486.309      486.703
      487.097      487.491      487.885      488.279      488.673      489.067
      489.461      489.855      490.249      490.643      491.038      491.432
      491.827      492.221      492.616      493.010      493.405      493.800
      494.194      494.589      494.984      495.379      495.774      496.169
      496.564      496.959      497.354      497.750      498.145      498.540
      498.936      499.331      499.727      500.122      500.518      500.913
      501.309      501.705      502.101      502.497      502.892      503.288
      503.684      504.081      504.477      504.873      505.269      505.665
      506.062      506.458      506.855      507.251      507.648      508.044
      508.441      508.838      509.235      509.631      510.028      510.425
      510.822      511.219      511.616      512.014      512.411      512.808
      513.205      513.603      514.000      514.398      514.795      515.193
      515.590      515.988      516.386      516.784      517.182      517.579
      517.977      518.375      518.773      519.172      519.570      519.968
      520.366      520.765      521.163      521.561      521.960      522.358
      522.757      523.156      523.554      523.953      524.352      524.751
      525.150      525.549      525.948      526.347      526.746      527.145
      527.544      527.944      528.343      528.742      529.142      529.541
      529.941      530.340      530.740      531.140      531.540      531.939
      532.339      532.739      533.139      533.539      533.939      534.339
      534.740      535.140      535.540      535.941      536.341      536.741
      537.142      537.543      537.943      538.344      538.745      539.145
      539.546      539.947      540.348      540.749      541.150      541.551
      541.952      542.354      542.755      543.156      543.557      543.959
      544.360      544.762      545.163      545.565      545.967      546.369
      546.770      547.172      547.574      547.976      548.378      548.780
      549.182      549.584      549.987      550.389      550.791      551.194
      551.596      551.999      552.401      552.804      553.206      553.609
      554.012      554.415      554.817      555.220      555.623      556.026
      556.429      556.833      557.236      557.639      558.042      558.446
      558.849      559.252      559.656      560.060      560.463      560.867
      561.271      561.674      562.078      562.482      562.886      563.290
      563.694      564.098      564.502      564.906      565.311      565.715
      566.119      566.524      566.928      567.333      567.737      568.142
      568.547      568.951      569.356      569.761      570.166      570.571
      570.976      571.381      571.786      572.191      572.596      573.001
      573.407      573.812      574.218      574.623      575.029      575.434
      575.840      576.245      576.651      577.057      577.463      577.869
      578.275      578.681      579.087      579.493      579.899      580.305
      580.711      581.118      581.524      581.931      582.337      582.744
      583.150      583.557      583.964      584.370      584.777      585.184
      585.591      585.998      586.405      586.812      587.219      587.626
      588.034      588.441      588.848      589.256      589.663      590.070
      590.478      590.886      591.293      591.701      592.109      592.517
      592.924      593.332      593.740      594.148      594.557      594.965
      595.373      595.781      596.189      596.598      597.006      597.415
      597.823      598.232      598.640      599.049      599.458      599.867
      600.275      600.684      601.093      601.502      601.911      602.320
      602.729      603.139      603.548      603.957      604.367      604.776
      605.186      605.595      606.005      606.414      606.824      607.234
      607.643      608.053      608.463      608.873      609.283      609.693
      610.103      610.513      610.924      611.334      611.744      612.155
      612.565      612.976      613.386      613.797      614.207      614.618
      615.029      615.440      615.851      616.261      616.672      617.083
      617.495      617.906      618.317      618.728      619.139      619.551
      619.962      620.373      620.785      621.197      621.608      622.020
      622.432      622.843      623.255      623.667      624.079      624.491
      624.903      625.315      625.727      626.139      626.552      626.964
      627.376      627.789      628.201      628.614      629.026      629.439
      629.851      630.264      630.677      631.090      631.503      631.916
      632.329      632.742      633.155      633.568      633.981      634.394
      634.808      635.221      635.634      636.048      636.461      636.875
      637.289      637.702      638.116      638.530      638.944      639.358
      639.772      640.186      640.600      641.014      641.428      641.842
      642.256      642.671      643.085      643.500      643.914      644.329
      644.743      645.158      645.573      645.987      646.402      646.817
      647.232      647.647      648.062      648.477      648.892      649.307
      649.722      650.138      650.553      650.968      651.384      651.799
      652.215      652.630      653.046      653.462      653.878      654.293
      654.709      655.125      655.541      655.957      656.373      656.789
      657.206      657.622      658.038      658.455      658.871      659.287
      659.704      660.120      660.537      660.954      661.370      661.787
      662.204      662.621      663.038      663.455      663.872      664.289
      664.706      665.123      665.541      665.958      666.375      666.793
      667.210      667.628      668.045      668.463      668.881      669.298
      669.716      670.134      670.552      670.970      671.388      671.806
      672.224      672.642      673.060      673.479      673.897      674.315
      674.734      675.152      675.571      675.989      676.408      676.827
      677.245      677.664      678.083      678.502      678.921      679.340
      679.759      680.178      680.597      681.017      681.436      681.855
      682.275      682.694      683.114      683.533      683.953      684.372
      684.792      685.212      685.632      686.052      686.471      686.891
      687.312      687.732      688.152      688.572      688.992      689.412
      689.833      690.253      690.674      691.094      691.515      691.935
      692.356      692.777      693.198      693.618      694.039      694.460
      694.881      695.302      695.723      696.144      696.566      696.987
      697.408      697.830      698.251      698.672      699.094      699.516
      699.937      700.359      700.781      701.202      701.624      702.046
      702.468      702.890      703.312      703.734      704.156      704.579
      705.001      705.423      705.846      706.268      706.690      707.113
      707.536      707.958      708.381      708.804      709.226      709.649
      710.072      710.495      710.918      711.341      711.764      712.188
      712.611      713.034      713.457      713.881      714.304      714.728
      715.151      715.575      715.999      716.422      716.846      717.270
      717.694      718.118      718.542      718.966      719.390      719.814
      720.238      720.662      721.087      721.511      721.935      722.360
      722.784      723.209      723.633      724.058      724.483      724.908
      725.332      725.757      726.182      726.607      727.032      727.457
      727.883      728.308      728.733      729.158      729.584      730.009
      730.435      730.860      731.286      731.711      732.137      732.563
      732.988      733.414      733.840      734.266      734.692      735.118
      735.544      735.970      736.397      736.823      737.249      737.676
      738.102      738.529      738.955      739.382      739.808      740.235
      740.662      741.089      741.515      741.942      742.369      742.796
      743.223      743.651      744.078      744.505      744.932      745.359
      745.787      746.214      746.642      747.069      747.497      747.925
      748.352      748.780      749.208      749.636      750.064      750.492
      750.920      751.348      751.776      752.204      752.632      753.061
      753.489      753.917      754.346      754.774      755.203      755.631
      756.060      756.489      756.918      757.346      757.775      758.204
      758.633      759.062      759.491      759.921      760.350      760.779
      761.208      761.638      762.067      762.497      762.926      763.356
      763.785      764.215      764.645      765.074      765.504      765.934
      766.364      766.794      767.224      767.654      768.084      768.515
      768.945      769.375      769.806      770.236      770.667      771.097
      771.528      771.958      772.389      772.820      773.250      773.681
      774.112      774.543      774.974      775.405      775.836      776.268
      776.699      777.130      777.561      777.993      778.424      778.856
      779.287      779.719      780.151      780.582      781.014      781.446
      781.878      782.310      782.742      783.174      783.606      784.038
      784.470      784.902      785.335      785.767      786.199      786.632
      787.064      787.497      787.929      788.362      788.795      789.228
      789.660      790.093      790.526      790.959      791.392      791.825
      792.258      792.692      793.125      793.558      793.992      794.425
      794.858      795.292      795.726      796.159      796.593      797.027
      797.460      797.894      798.328      798.762      799.196      799.630
      800.064      800.498      800.933      801.367
